corpus_bleu_score = [0.18972021034219114, 0.07297695992345372, 0.030641372172276967, 0.014469722426991656]
sacre_blue_score = {'score': 1.11866315146877, 'counts': [5525, 489, 107, 25], 'totals': [23299, 22093, 20887, 19681], 'precisions': [23.713464097171553, 2.21337075091658, 0.5122803657777565, 0.12702606574869163], 'bp': 0.8228807471285795, 'sys_len': 23299, 'ref_len': 27841}
rouge_scores = {'rouge-1': {'r': 0.1690315637581834, 'p': 0.17926853007772434, 'f': 0.16464419805545896}, 'rouge-2': {'r': 0.02240746751044694, 'p': 0.021775620285901263, 'f': 0.020119724479524648}, 'rouge-l': {'r': 0.1469680202400323, 'p': 0.15385677890509344, 'f': 0.142261604542207}}
wer_scores = 1.0348783460100013
cer_scores = 0.8242408308137242
corpus_bleu_score_with_tf = [0.4759223213356542, 0.29077829798598565, 0.178404653298882, 0.11078740796808859]
sacre_blue_score_with_tf = {'score': 6.654699135538083, 'counts': [11478, 3392, 937, 243], 'totals': [26284, 25078, 23872, 22666], 'precisions': [43.66915233602192, 13.525799505542707, 3.9251005361930296, 1.072090355598694], 'bp': 0.9424828473052158, 'sys_len': 26284, 'ref_len': 27841}
rouge_scores_with_tf = {'rouge-1': {'r': 0.31956266597997346, 'p': 0.3803223138932931, 'f': 0.34516201904713484}, 'rouge-2': {'r': 0.09762034665208373, 'p': 0.10620395398380775, 'f': 0.10135703985374568}, 'rouge-l': {'r': 0.3043378120730388, 'p': 0.3619732091639491, 'f': 0.328640074354603}}
wer_scores_with_tf = 0.7342942387695928
cer_scores_with_tf = 0.5782070530605468
