corpus_bleu_score = [0.16590002701875992, 0.03588104851411665, 0.013989023793734892, 0.0063484985816506054]
sacre_blue_score = {'score': 0.6777273934520218, 'counts': [5312, 234, 57, 15], 'totals': [21288, 20082, 18876, 17670], 'precisions': [24.953025178504323, 1.1652225873916942, 0.3019707565162111, 0.08488964346349745], 'bp': 0.7294022791021807, 'sys_len': 21288, 'ref_len': 28005}
rouge_scores = {'rouge-1': {'r': 0.16756552589375923, 'p': 0.18171358027901816, 'f': 0.16586540202144312}, 'rouge-2': {'r': 0.009621061802560442, 'p': 0.012599106146742126, 'f': 0.009717634747709132}, 'rouge-l': {'r': 0.13932887400273253, 'p': 0.14973615741613117, 'f': 0.13695883330614828}}
wer_scores = 1.0137907977767562
cer_scores = 0.8268039114770973
corpus_bleu_score_with_tf = [0.45415205979082646, 0.2752977529735496, 0.16855461924796591, 0.10395864493898568]
sacre_blue_score_with_tf = {'score': 9.468953377011617, 'counts': [12261, 4131, 1501, 491], 'totals': [26862, 25656, 24450, 23244], 'precisions': [45.64440473531383, 16.101496725912067, 6.139059304703476, 2.112373085527448], 'bp': 0.958341765880278, 'sys_len': 26862, 'ref_len': 28005}
rouge_scores_with_tf = {'rouge-1': {'r': 0.3387309161109334, 'p': 0.41073535385239096, 'f': 0.3698382731442978}, 'rouge-2': {'r': 0.11340625983672191, 'p': 0.12353618394369056, 'f': 0.11808854100291377}, 'rouge-l': {'r': 0.3200792054479714, 'p': 0.38878817904451984, 'f': 0.3497470170289696}}
wer_scores_with_tf = 0.7080111997994066
cer_scores_with_tf = 0.5722696860524962
