corpus_bleu_score = [0.14281320325668448, 0.03918196644015047, 0.014849945670994711, 0.006618535117631938]
sacre_blue_score = {'score': 0.7625275317137976, 'counts': [7982, 565, 106, 27], 'totals': [34698, 32686, 30674, 28662], 'precisions': [23.004207735316157, 1.7285688062167288, 0.34556953771924104, 0.09420138162026376], 'bp': 0.7148811729872241, 'sys_len': 34698, 'ref_len': 46344}
rouge_scores = {'rouge-1': {'r': 0.13501767764573577, 'p': 0.1587493337211222, 'f': 0.13829065029323823}, 'rouge-2': {'r': 0.014884360900581482, 'p': 0.016855831729519006, 'f': 0.01420944092579302}, 'rouge-l': {'r': 0.11757815860667825, 'p': 0.13693627752688492, 'f': 0.11978649603569193}}
wer_scores = 1.0188043642214288
cer_scores = 0.7997998288993912
corpus_bleu_score_with_tf = [0.40952953388310726, 0.23243180211372774, 0.13205124483765224, 0.07550101836884783]
sacre_blue_score_with_tf = {'score': 6.690766834559269, 'counts': [18064, 5235, 1605, 459], 'totals': [44677, 42665, 40653, 38641], 'precisions': [40.43243727197439, 12.270010547287004, 3.948048114530293, 1.1878574571051475], 'bp': 0.9633752613667232, 'sys_len': 44677, 'ref_len': 46344}
rouge_scores_with_tf = {'rouge-1': {'r': 0.29040359822835515, 'p': 0.3568357185956167, 'f': 0.3189240931499048}, 'rouge-2': {'r': 0.08627539483957133, 'p': 0.09511595616450429, 'f': 0.09033230772610108}, 'rouge-l': {'r': 0.27632446106797487, 'p': 0.3403926748707239, 'f': 0.30382068110318167}}
wer_scores_with_tf = 0.7553421489265423
cer_scores_with_tf = 0.6001270795783948
