corpus_bleu_score = [0.18217301827279514, 0.0432612114135205, 0.01418435437921609, 0.005557057031558925]
sacre_blue_score = {'score': 0.6142798428175437, 'counts': [9461, 519, 67, 15], 'totals': [42810, 40798, 38786, 36774], 'precisions': [22.099976640971736, 1.2721211824109024, 0.1727427422265766, 0.04078968836678088], 'bp': 0.9207646564038243, 'sys_len': 42810, 'ref_len': 46344}
rouge_scores = {'rouge-1': {'r': 0.1592702991201369, 'p': 0.15612610377196365, 'f': 0.15305564279520228}, 'rouge-2': {'r': 0.010044264402486647, 'p': 0.010712657037252491, 'f': 0.00982073553476911}, 'rouge-l': {'r': 0.1315481323381632, 'p': 0.12767020784973168, 'f': 0.12552701734298025}}
wer_scores = 1.0495500025139524
cer_scores = 0.8347591717401597
corpus_bleu_score_with_tf = [0.4443114118805175, 0.26620626593984853, 0.16049664766427674, 0.09924491986153869]
sacre_blue_score_with_tf = {'score': 8.783070613141089, 'counts': [19291, 6277, 2180, 783], 'totals': [44405, 42393, 40381, 38369], 'precisions': [43.443305934016436, 14.806689783690704, 5.3985785394120995, 2.040709948135213], 'bp': 0.9572733905215092, 'sys_len': 44405, 'ref_len': 46344}
rouge_scores_with_tf = {'rouge-1': {'r': 0.3174289031264693, 'p': 0.379943290500175, 'f': 0.34469180103334035}, 'rouge-2': {'r': 0.10064951832249128, 'p': 0.10952006888608797, 'f': 0.10473250810103239}, 'rouge-l': {'r': 0.29951182113179636, 'p': 0.3581281028531288, 'f': 0.325117742215439}}
wer_scores_with_tf = 0.7280154859470059
cer_scores_with_tf = 0.5794704186981403
