corpus_bleu_score = [0.13982413395901586, 0.03524554208207702, 0.009228618802644972, 0.0027268567616323407]
sacre_blue_score = {'score': 0.1310924330304488, 'counts': [3688, 97, 5, 0], 'totals': [22013, 20815, 19617, 18419], 'precisions': [16.753736428474085, 0.4660100888782128, 0.0254880970586736, 0.0027145881969705197], 'bp': 0.8598853151333802, 'sys_len': 22013, 'ref_len': 25336}
rouge_scores = {'rouge-1': {'r': 0.09270508286093009, 'p': 0.10082843995183007, 'f': 0.09030750894242988}, 'rouge-2': {'r': 0.00276320318590825, 'p': 0.003598682516619645, 'f': 0.002983422453459068}, 'rouge-l': {'r': 0.07991493733062256, 'p': 0.08386839384534045, 'f': 0.0762890610956894}}
wer_scores = 1.1236329935125116
cer_scores = 0.854974613387078
corpus_bleu_score_with_tf = [0.43006720734477205, 0.24411975116362175, 0.14150631671499583, 0.07758030706800886]
sacre_blue_score_with_tf = {'score': 3.9665326516691595, 'counts': [8582, 1857, 403, 116], 'totals': [23551, 22353, 21155, 19957], 'precisions': [36.44006623922551, 8.307609716816534, 1.9049870007090521, 0.5812496868266773], 'bp': 0.9270081144901953, 'sys_len': 23551, 'ref_len': 25336}
rouge_scores_with_tf = {'rouge-1': {'r': 0.22633222519335144, 'p': 0.2778315117454474, 'f': 0.2476042929892581}, 'rouge-2': {'r': 0.04505215981616491, 'p': 0.05127077970589521, 'f': 0.047634763198109054}, 'rouge-l': {'r': 0.20786359170687024, 'p': 0.2544304466280855, 'f': 0.2271460055199741}}
wer_scores_with_tf = 0.8218721037998147
cer_scores_with_tf = 0.6256424169605829
