corpus_bleu_score = [0.14101992931182988, 0.026277919425316484, 0.006596576251400288, 0.0024857218451187677]
sacre_blue_score = {'score': 0.2478437073366423, 'counts': [4621, 135, 12, 4], 'totals': [31674, 30476, 29278, 28080], 'precisions': [14.589253015091241, 0.4429715185719911, 0.0409864061752852, 0.014245014245014245], 'bp': 1.0, 'sys_len': 31674, 'ref_len': 25575}
rouge_scores = {'rouge-1': {'r': 0.11912624677939726, 'p': 0.09215108849379265, 'f': 0.09751412609359364}, 'rouge-2': {'r': 0.0039317067168571735, 'p': 0.003385063095296257, 'f': 0.003411619604583311}, 'rouge-l': {'r': 0.10344579201142448, 'p': 0.07760244739733409, 'f': 0.08313544237676658}}
wer_scores = 1.3618194348725017
cer_scores = 0.9635978088001413
corpus_bleu_score_with_tf = [0.3802018390689667, 0.20432816849989485, 0.10567034328709633, 0.056203540974926684]
sacre_blue_score_with_tf = {'score': 4.417496888446736, 'counts': [9064, 2221, 480, 124], 'totals': [24604, 23406, 22208, 21010], 'precisions': [36.83953828645749, 9.489019909424934, 2.161383285302594, 0.5901951451689672], 'bp': 0.9613034763447491, 'sys_len': 24604, 'ref_len': 25575}
rouge_scores_with_tf = {'rouge-1': {'r': 0.23983731267218464, 'p': 0.29572928198752296, 'f': 0.2637273770297932}, 'rouge-2': {'r': 0.04895197067589541, 'p': 0.05448593116435287, 'f': 0.05145499826184143}, 'rouge-l': {'r': 0.22330267625554898, 'p': 0.27487587674871666, 'f': 0.2453599975837893}}
wer_scores_with_tf = 0.8022513209280956
cer_scores_with_tf = 0.6111926365850473
