corpus_bleu_score = [0.12158184662504973, 0.03219572481153618, 0.011178362347463786, 0.0038439020449636094]
sacre_blue_score = {'score': 0.4388974995163793, 'counts': [3783, 239, 35, 4], 'totals': [19261, 18063, 16865, 15667], 'precisions': [19.640724780644828, 1.3231467641034158, 0.20753038837829826, 0.02553137167294313], 'bp': 0.7204979718480334, 'sys_len': 19261, 'ref_len': 25575}
rouge_scores = {'rouge-1': {'r': 0.09505440762555213, 'p': 0.12086543608716291, 'f': 0.09961402147028198}, 'rouge-2': {'r': 0.00842006056120068, 'p': 0.013499729252454103, 'f': 0.009565533136655157}, 'rouge-l': {'r': 0.08409387108908266, 'p': 0.1058340652458904, 'f': 0.08752968956741503}}
wer_scores = 1.0538019756489778
cer_scores = 0.826448058882734
corpus_bleu_score_with_tf = [0.38617658234261704, 0.2140337475102312, 0.11647577283343838, 0.061524026910676335]
sacre_blue_score_with_tf = {'score': 5.398077936287112, 'counts': [9268, 2382, 649, 186], 'totals': [24155, 22957, 21759, 20561], 'precisions': [38.368867729248606, 10.375920198632226, 2.982673836113792, 0.9046252614172462], 'bp': 0.9429075864997447, 'sys_len': 24155, 'ref_len': 25575}
rouge_scores_with_tf = {'rouge-1': {'r': 0.2551709077900854, 'p': 0.30909573460978446, 'f': 0.27792013318314757}, 'rouge-2': {'r': 0.06129094539932655, 'p': 0.06900037577058817, 'f': 0.0645116976376373}, 'rouge-l': {'r': 0.23778917969474472, 'p': 0.28785884592556743, 'f': 0.25897953441854493}}
wer_scores_with_tf = 0.7887433953595222
cer_scores_with_tf = 0.6072896578747206
